
[0.83, 1.2, 1.5], [55.33, -20.62, 79.08]
[0.49, 1.48, 1.11], [71.68, -34.57, 77.21]
[0.84, 0.08, 2.55], [5.44, 33.37, 56.13]
[0.95, 0.68, 0.88], [35.59, -59.90, 108.08]
[0.34, 0.39, 0.36], [48.92, -116.75, 131.40]
[0.01, 0.93, 2.35], [89.38, 20.49, 69.89]
[0.49, 1.58, 1.14], [72.77, -29.06, 67.79]
[1.72, 0.75, 0.8], [23.56, -25.43, 38.70]
[0.9, 0.13, 0.17], [8.22, -94.39, 104.01]
[1.22, 0.53, 0.2], [23.48, -70.12, 78.19]
[1.38, 1.36, 0.76], [44.58, -19.60, 25.07]
[0.92, 0.53, 1.27], [29.95, -42.52, 113.57]
[1.58, 0.59, 1.06], [20.48, -30.42, 64.91]
[1.41, 0.66, 0.56], [25.08, -51.79, 72.02]
[0.81, 0.53, 1.74], [33.20, -15.07, 104.93]
[0.26, 0.46, 0.15], [60.52, -118.11, 119.94]
[1.88, 0.15, 0.64], [4.56, -27.06, 32.52]
[1.88, 0.17, 1.23], [5.17, -11.10, 36.09]
[0.36, 0.62, 0.84], [59.86, -81.03, 136.90]
[0.38, 1.64, 0.85], [76.95, -37.41, 64.64]
[0.51, 0.53, 2.08], [46.10, 6.54, 98.41]
[0.51, 0.5, 0.75], [44.43, -87.06, 135.54]
[0.66, 0.66, 1.41], [45.00, -35.64, 118.71]
[1.36, 0.21, 1.14], [8.78, -40.43, 92.48]
[0.09, 0.37, 2.91], [76.33, 65.58, 26.29]
[0.56, 0.49, 1.08], [41.19, -61.89, 136.05]
[1.26, 1.43, 0.58], [48.62, -25.05, 25.25]
[0.76, 1.5, 1.71], [63.13, -1.24, 48.25]
[0.12, 0.19, 2.7], [57.72, 51.50, 61.95]
[1.82, 0.3, 1.54], [9.36, 0.26, 32.11]
[0.1, 0.86, 0.02], [83.37, -97.71, 98.34]
[1.63, 1.05, 0.53], [32.79, -17.65, 8.05]
[0.33, 1.85, 1.11], [79.89, -16.39, 39.49]
[0.67, 1.1, 1.95], [58.65, -0.44, 73.70]
[1.25, 0.4, 0.47], [17.74, -66.94, 89.90]
[1.4, 0.01, 1.17], [0.41, -38.23, 90.32]
[0.11, 0.18, 2.55], [58.57, 43.71, 77.09]
[0.98, 1.04, 1.59], [46.70, -16.94, 78.75]
[0.33, 1.63, 1.91], [78.55, 10.11, 37.16]
[0.02, 0.57, 0.01], [87.99, -115.21, 110.32]
[0.33, 1.55, 0.12], [77.98, -54.04, 49.99]
[0.24, 0.07, 2.49], [16.26, 39.54, 81.88]
[1.09, 1.47, 0.79], [53.44, -29.47, 45.85]
[0.49, 0.58, 0.86], [49.81, -77.74, 134.58]
[1.47, 0.21, 0.2], [8.13, -60.82, 65.01]
[1.85, 0.29, 1.46], [8.91, -1.59, 30.78]
[0.73, 1.09, 1.72], [56.19, -12.80, 83.13]
[0.03, 0.66, 0.58], [87.40, -99.40, 133.91]
[1.0, 0.16, 1.54], [9.09, -26.91, 109.96]
[0.17, 0.31, 2.51], [61.26, 37.67, 78.31]
[0.74, 1.33, 0.81], [60.91, -47.04, 79.85]
[1.85, 0.39, 1.08], [11.90, -16.46, 37.77]
[0.55, 1.34, 0.95], [67.68, -45.54, 87.12]
[1.62, 0.34, 0.05], [11.85, -47.25, 34.79]
[0.54, 0.99, 0.75], [61.39, -67.22, 109.44]
[0.97, 1.11, 1.71], [48.85, -9.39, 70.21]
[0.81, 1.77, 1.38], [65.41, 3.63, 14.83]
[0.96, 0.96, 2.01], [45.00, 4.43, 64.43]
[0.42, 0.71, 2.68], [59.39, 43.21, 41.28]
[0.7, 1.0, 0.38], [55.01, -73.73, 93.60]
[0.72, 1.25, 2.02], [60.06, 7.31, 55.90]
[0.51, 0.95, 0.11], [61.77, -85.19, 91.30]
[1.02, 0.86, 2.02], [40.14, 4.51, 65.78]
[0.79, 0.32, 2.31], [22.05, 18.34, 77.21]
[0.49, 1.48, 1.11], [71.68, -34.57, 77.21]
[0.49, 1.48, 1.11], [71.68, -34.57, 77.21]
[1.0, 1.0, 1.0], [45.00, -45.00, 90.00]
[1.0, 1.0, 1.0], [45.00, -45.00, 90.00]
[0.49, 1.48, 1.11], [71.68, -34.57, 77.21]
[0.49, 1.48, 1.11], [71.68, -34.57, 77.21]
[0.49, 1.48, 1.11], [71.68, -34.57, 77.21]
[0.49, 1.48, 1.11], [71.68, -34.57, 77.21]
[1.0, 1.0, 1.0], [45.00, -45.00, 90.00]
[1.0, 1.0, 1.0], [45.00, -45.00, 90.00]
[1.0, 1.0, 1.0], [45.00, -45.00, 90.00]
[1.0, 1.0, 1.0], [45.00, -45.00, 90.00]
[0.49, 1.48, 1.11], [71.68, -34.57, 77.21]
[0.49, 1.48, 1.11], [71.68, -34.57, 77.21]
[0.01, 0.93, 2.35], [89.38, 20.49, 69.89]
[0.01, 0.93, 2.35], [89.38, 20.49, 69.89]
[1.72, 0.75, 0.8], [23.56, -25.43, 38.70]
[1.72, 0.75, 0.8], [23.56, -25.43, 38.70]
[1.72, 0.75, 0.8], [23.56, -25.43, 38.70]
[1.72, 0.75, 0.8], [23.56, -25.43, 38.70]
[1.72, 0.75, 0.8], [23.56, -25.43, 38.70]
[1.72, 0.75, 0.8], [23.56, -25.43, 38.70]
[1.72, 0.75, 0.8], [23.56, -25.43, 38.70]
[1.72, 0.75, 0.8], [23.56, -25.43, 38.70]
[1.72, 0.75, 0.8], [23.56, -25.43, 38.70]
[1.72, 0.75, 0.8], [23.56, -25.43, 38.70]
[1.72, 0.75, 0.8], [23.56, -25.43, 38.70]
[1.72, 0.75, 0.8], [23.56, -25.43, 38.70]
[1.72, 0.75, 0.8], [23.56, -25.43, 38.70]
[1.72, 0.75, 0.8], [23.56, -25.43, 38.70]
[1.72, 0.75, 0.8], [23.56, -25.43, 38.70]
[1.72, 0.75, 0.8], [23.56, -25.43, 38.70]
[1.72, 0.75, 0.8], [23.56, -25.43, 38.70]
[1.72, 0.75, 0.8], [23.56, -25.43, 38.70]
[1.72, 0.75, 0.8], [23.56, -25.43, 38.70]
[1.72, 0.75, 0.8], [23.56, -25.43, 38.70]
[1.72, 0.75, 0.8], [23.56, -25.43, 38.70]
[1.72, 0.75, 0.8], [23.56, -25.43, 38.70]
[-1.0, 0.0, 0.0], [180.00, -90.00, 90.00]
[-1.0, 0.0, 0.0], [180.00, -90.00, 90.00]
[-1.2, -0.5, 0.0], [-157.38, -72.48, 69.82]
[-1.2, -0.5, 0.0], [-157.38, -72.48, 69.82]
[1.0, 1.0, 1.0], [45.00, -45.00, 90.00]
[1.0, 1.0, 1.0], [45.00, -45.00, 90.00]
[1.5, 1.0, 0.5], [33.69, -36.21, 41.41]
[1.5, 1.0, 0.5], [33.69, -36.21, 41.41]
[1.0, 1.0, 1.0], [45.00, -45.00, 90.00]
[1.0, 1.0, 1.0], [45.00, -45.00, 90.00]
[1.72, 0.75, 0.8], [23.56, -25.43, 38.70]
[1.72, 0.75, 0.8], [23.56, -25.43, 38.70]
[1.0, 1.0, 1.0], [45.00, -45.00, 90.00]
[1.0, 1.0, 1.0], [45.00, -45.00, 90.00]
[1.72, 0.75, 0.8], [23.56, -25.43, 38.70]
[1.72, 0.75, 0.8], [23.56, -25.43, 38.70]
[1.0, 1.0, 1.0], [45.00, -45.00, 90.00]
[1.0, 1.0, 1.0], [45.00, -45.00, 90.00]
[-1.0, -0.5, -0.5], [-153.43, -74.01, 41.41]
[-1.0, -0.5, -0.5], [-153.43, -74.01, 41.41]
[1.0, 1.0, 1.0], [45.00, -45.00, 90.00]
[1.0, 1.0, 1.0], [45.00, -45.00, 90.00]
[1.0, 1.0, 1.0], [45.00, -45.00, 90.00]
[1.0, 1.0, 1.0], [45.00, -45.00, 90.00]
[1.0, 1.0, 1.0], [45.00, -45.00, 90.00]
[1.0, 1.0, 1.0], [45.00, -45.00, 90.00]
[1.0, 1.0, 1.0], [45.00, -45.00, 90.00, -45.00]
[2.0, 1.0, 2.0], [26.57, 24.09, 0.00, -24.09]
[1.0, 1.0, 1.0], [45.00, -45.00, 90.00]
[1.0, 1.0, 1.0], [45.00, -45.00, 90.00]
[1.0, 1.0, 1.0], [45.00, -45.00, 90.00, 0.00, 0.00]
[1.0, 0.0, 1.0], [0.00, -60.00, 60.00, 0.00, 0.00]
[1.0, 1.0, 1.0], [45.00, -45.00, 90.00, -90.00, 0.00]
[1.0, 1.0, 1.0], [45.00, -45.00, 90.00, -90.00, 0.00]
[1.0, 1.0, 1.0], [45.00, -45.00, 90.00, -90.00, 0.00]
[1.0, 1.0, 1.0], [45.00, -62.80, 54.40, -54.40, 0.00]
[2.0, 1.0, 1.0], [26.57, -29.77, 120.46, -120.46, 0.00]
[2.0, 0.0, 1.0], [0.00, -41.41, 97.18, -97.18, 0.00]
[1.0, 1.0, 1.0], [45.00, -62.80, 54.40, -54.40, 0.00]
[1.0, 2.0, 0.0], [63.43, -37.00, 154.19, -154.19, 0.00]
[1.0, 1.0, 1.0], [45.00, -78.05, 23.91, -23.91, 0.00]
[1.0, 1.0, 1.0], [45.00, -62.80, 54.40, -54.40, 0.00]
[2.0, 1.0, 1.0], [26.57, -51.83, 76.35, -76.35, 0.00]
[2.0, 1.0, 1.0], [26.57, -51.83, 76.35, -76.35, 0.00]
[1.0, 2.0, 1.5], [63.43, -37.18, 80.43, -80.43, 0.00]
